 246 250 249 251 253 252 253 254 253 253 251 251 251 251 251 246
 254 255 255 255 255 255 255 255 255 255 255 255 255 252 254 254
 254 255 255 255 255 255 255 255 255 255 255 129 102  95  99 230
 254 255 255 255 255 255 255 255 255 255 255 117  84  85  93 239
 254 255 255 255 255 255 255 255 255 255 255 115  89  83  88 246
 255 255 255 255 255 255 255 255 255 255 255 124  93  93  99 237
 255 255 255 255 255 255 255 255 255 255 255 129  95  96 105 230
 255 255 255 255 255 255 255 255 255 255 255 127  95  97 109 234
 255 255 255 255 255 255 255 255 255 255 255 128 104  96 106 239
 255 255 255 255 255 255 255 255 255 255 255 124  96  95 106 242
 255 255 255 255 255 255 255 255 255 255 255 128 103  99 102 225
 255 255 255 255 254 244 246 242 222 222 223 135  96  94 103 229
 255 255 255 255 251 114 108 107 110 107 103 103  98 100 101 236
 255 255 255 255 255 109 106 103 102 100  98 103 104 105 104 241
 255 255 255 255 255 218 213 212 218 220 220 220 223 219 220 248
 254 255 255 255 255 255 255 255 255 255 255 255 255 255 255 255
 207 209 210 211 214 212 213 212 214 215 211 211 211 212 211 207
 215 217 217 216 218 216 216 217 217 217 218 218 217 214 213 215
 214 217 216 216 219 218 218 219 219 220 222  92  72  66  67 190
 216 220 220 221 221 220 221 221 221 221 221  82  58  57  61 202
 216 220 221 223 224 224 224 223 225 224 222  76  56  56  59 210
 219 223 225 224 226 227 225 224 225 224 224  89  64  63  67 201
 222 225 227 226 228 229 228 226 227 229 226  92  63  65  70 195
 223 227 227 227 229 229 229 230 230 228 224  92  64  66  70 198
 225 229 229 230 231 231 230 230 230 229 227  89  67  66  70 203
 223 228 230 231 233 233 231 231 231 229 229  86  64  63  69 209
 225 231 232 230 233 233 233 233 231 230 229  88  67  65  68 194
 226 230 231 231 230 215 216 214 194 195 195  97  65  64  69 197
 223 230 233 233 228  73  69  72  69  71  66  66  64  65  69 203
 223 229 231 233 235  71  70  70  67  66  65  65  66  67  69 209
 224 231 233 233 232 182 180 179 187 189 188 187 188 191 190 218
 223 230 232 231 230 230 232 231 230 231 232 233 232 229 229 226
 159 156 155 156 157 155 156 157 157 157 157 156 156 156 155 154
 160 156 155 156 156 155 154 155 155 155 155 157 155 153 151 153
 158 157 156 156 156 155 154 157 157 157 158  49  32  32  29 133
 159 157 158 158 157 157 157 157 158 157 160  42  27  28  27 144
 159 157 157 159 156 156 158 159 157 155 159  36  28  29  25 148
 161 157 157 159 155 157 155 158 156 158 160  47  29  29  27 140
 162 157 157 157 158 158 157 158 158 158 157  53  30  28  28 134
 161 157 158 158 158 160 159 159 159 158 159  52  31  31  28 136
 162 158 159 159 159 160 159 159 159 158 159  49  31  29  28 140
 164 160 160 159 161 159 159 160 159 158 160  43  32  29  29 146
 163 159 160 159 160 161 160 160 160 159 161  42  32  28  29 129
 164 160 159 159 158 147 149 149 131 131 135  52  30  30  30 132
 165 160 160 161 161  29  32  30  31  34  34  30  29  28  29 140
 166 162 161 161 167  27  32  33  33  32  32  30  31  32  33 148
 165 160 161 161 162 120 119 118 123 124 123 123 125 128 124 151
 164 159 160 159 159 161 160 160 160 160 160 160 161 159 160 162

 246 254 230 239 246 237 230 234 239 242 225 229 236 241 248 255
 251 254  99  93  88  99 105 109 106 106 102 103 101 104 220 255
 251 252  95  85  83  93  96  97  96  95  99  94 100 105 219 255
 251 255 102  84  89  93  95  95 104  96 103  96  98 104 223 255
 251 255 129 117 115 124 129 127 128 124 128 135 103 103 220 255
 251 255 255 255 255 255 255 255 255 255 255 223 103  98 220 255
 253 255 255 255 255 255 255 255 255 255 255 222 107 100 220 255
 253 255 255 255 255 255 255 255 255 255 255 222 110 102 218 255
 254 255 255 255 255 255 255 255 255 255 255 242 107 103 212 255
 253 255 255 255 255 255 255 255 255 255 255 246 108 106 213 255
 252 255 255 255 255 255 255 255 255 255 255 244 114 109 218 255
 253 255 255 255 255 255 255 255 255 255 255 254 251 255 255 255
 251 255 255 255 255 255 255 255 255 255 255 255 255 255 255 255
 249 255 255 255 255 255 255 255 255 255 255 255 255 255 255 255
 250 255 255 255 255 255 255 255 255 255 255 255 255 255 255 255
 246 254 254 254 254 255 255 255 255 255 255 255 255 255 255 254
 207 215 190 202 210 201 195 198 203 209 194 197 203 209 218 226
 211 213  67  61  59  67  70  70  70  69  68  69  69  69 190 229
 212 214  66  57  56  63  65  66  66  63  65  64  65  67 191 229
 211 217  72  58  56  64  63  64  67  64  67  65  64  66 188 232
 211 218  92  82  76  89  92  92  89  86  88  97  66  65 187 233
 211 218 222 221 222 224 226 224 227 229 229 195  66  65 188 232
 215 217 220 221 224 224 229 228 229 229 230 195  71  66 189 231
 214 217 219 221 225 225 227 230 230 231 231 194  69  67 187 230
 212 217 219 221 223 224 226 230 230 231 233 214  72  70 179 231
 213 216 218 221 224 225 228 229 230 231 233 216  69  70 180 232
 212 216 218 220 224 227 229 229 231 233 233 215  73  71 182 230
 214 218 219 221 224 226 228 229 231 233 233 230 228 235 232 230
 211 216 216 221 223 224 226 227 230 231 230 231 233 233 233 231
 210 217 216 220 221 225 227 227 229 230 232 231 233 231 233 232
 209 217 217 220 220 223 225 227 229 228 231 230 230 229 231 230
 207 215 214 216 216 219 222 223 225 223 225 226 223 223 224 223
 154 153 133 144 148 140 134 136 140 146 129 132 140 148 151 162
 155 151  29  27  25  27  28  28  28  29  29  30  29  33 124 160
 156 153  32  28  29  29  28  31  29  29  28  30  28  32 128 159
 156 155  32  27  28  29  30  31  31  32  32  30  29  31 125 161
 156 157  49  42  36  47  53  52  49  43  42  52  30  30 123 160
 157 155 158 160 159 160 157 159 159 160 161 135  34  32 123 160
 157 155 157 157 155 158 158 158 158 158 159 131  34  32 124 160
 157 155 157 158 157 156 158 159 159 159 160 131  31  33 123 160
 157 155 157 157 159 158 158 159 159 160 160 149  30  33 118 160
 156 154 154 157 158 155 157 159 159 159 160 149  32  32 119 160
 155 155 155 157 156 157 158 160 160 159 161 147  29  27 120 161
 157 156 156 157 156 155 158 158 159 161 160 158 161 167 162 159
 156 156 156 158 159 159 157 158 159 159 159 159 161 161 161 159
 155 155 156 158 157 157 157 158 159 160 160 159 160 161 161 160
 156 156 157 157 157 157 157 157 158 160 159 160 160 162 160 159
 159 160 158 159 159 161 162 161 162 164 163 164 165 166 165 164

 255 255 255 255 255 255 255 255 255 255 255 255 255 255 255 254
 248 220 219 223 220 220 220 218 212 213 218 255 255 255 255 255
 241 104 105 104 103  98 100 102 103 106 109 255 255 255 255 255
 236 101 100  98 103 103 107 110 107 108 114 251 255 255 255 255
 229 103  94  96 135 223 222 222 242 246 244 254 255 255 255 255
 225 102  99 103 128 255 255 255 255 255 255 255 255 255 255 255
 242 106  95  96 124 255 255 255 255 255 255 255 255 255 255 255
 239 106  96 104 128 255 255 255 255 255 255 255 255 255 255 255
 234 109  97  95 127 255 255 255 255 255 255 255 255 255 255 255
 230 105  96  95 129 255 255 255 255 255 255 255 255 255 255 255
 237  99  93  93 124 255 255 255 255 255 255 255 255 255 255 255
 246  88  83  89 115 255 255 255 255 255 255 255 255 255 255 254
 239  93  85  84 117 255 255 255 255 255 255 255 255 255 255 254
 230  99  95 102 129 255 255 255 255 255 255 255 255 255 255 254
 254 254 252 255 255 255 255 255 255 255 255 255 255 255 255 254
 246 251 251 251 251 251 253 253 254 253 252 253 251 249 250 246
 226 229 229 232 233 232 231 230 231 232 230 230 231 232 230 223
 218 190 191 188 187 188 189 187 179 180 182 232 233 233 231 224
 209  69  67  66  65  65  66  67  70  70  71 235 233 231 229 223
 203  69  65  64  66  66  71  69  72  69  73 228 233 233 230 223
 197  69  64  65  97 195 195 194 214 216 215 230 231 231 230 226
 194  68  65  67  88 229 230 231 233 233 233 233 230 232 231 225
 209  69  63  64  86 229 229 231 231 231 233 233 231 230 228 223
 203  70  66  67  89 227 229 230 230 230 231 231 230 229 229 225
 198  70  66  64  92 224 228 230 230 229 229 229 227 227 227 223
 195  70  65  63  92 226 229 227 226 228 229 228 226 227 225 222
 201  67  63  64  89 224 224 225 224 225 227 226 224 225 223 219
 210  59  56  56  76 222 224 225 223 224 224 224 223 221 220 216
 202  61  57  58  82 221 221 221 221 221 220 221 221 220 220 216
 190  67  66  72  92 222 220 219 219 218 218 219 216 216 217 214
 215 213 214 217 218 218 217 217 217 216 216 218 216 217 217 215
 207 211 212 211 211 211 215 214 212 213 212 214 211 210 209 207
 162 160 159 161 160 160 160 160 160 160 161 159 159 160 159 164
 151 124 128 125 123 123 124 123 118 119 120 162 161 161 160 165
 148  33  32  31  30  32  32  33  33  32  27 167 161 161 162 166
 140  29  28  29  30  34  34  31  30  32  29 161 161 160 160 165
 132  30  30  30  52 135 131 131 149 149 147 158 159 159 160 164
 129  29  28  32  42 161 159 160 160 160 161 160 159 160 159 163
 146  29  29  32  43 160 158 159 160 159 159 161 159 160 160 164
 140  28  29  31  49 159 158 159 159 159 160 159 159 159 158 162
 136  28  31  31  52 159 158 159 159 159 160 158 158 158 157 161
 134  28  28  30  53 157 158 158 158 157 158 158 157 157 157 162
 140  27  29  29  47 160 158 156 158 155 157 155 159 157 157 161
 148  25  29  28  36 159 155 157 159 158 156 156 159 157 157 159
 144  27  28  27  42 160 157 158 157 157 157 157 158 158 157 159
 133  29  32  32  49 158 157 157 157 154 155 156 156 156 157 158
 153 151 153 155 157 155 155 155 155 154 155 156 156 155 156 160
 154 155 156 156 156 157 157 157 157 156 155 157 156 155 156 159

 254 255 255 255 255 255 255 255 255 255 255 254 254 254 254 246
 255 255 255 255 255 255 255 255 255 255 255 255 255 255 255 250
 255 255 255 255 255 255 255 255 255 255 255 255 255 255 255 249
 255 255 255 255 255 255 255 255 255 255 255 255 255 255 255 251
 255 255 255 251 254 255 255 255 255 255 255 255 255 255 255 253
 255 218 109 114 244 255 255 255 255 255 255 255 255 255 255 252
 255 213 106 108 246 255 255 255 255 255 255 255 255 255 255 253
 255 212 103 107 242 255 255 255 255 255 255 255 255 255 255 254
 255 218 102 110 222 255 255 255 255 255 255 255 255 255 255 253
 255 220 100 107 222 255 255 255 255 255 255 255 255 255 255 253
 255 220  98 103 223 255 255 255 255 255 255 255 255 255 255 251
 255 220 103 103 135 128 124 128 127 129 124 115 117 129 255 251
 255 223 104  98  96 103  96 104  95  95  93  89  84 102 255 251
 255 219 105 100  94  99  95  96  97  96  93  83  85  95 252 251
 255 220 104 101 103 102 106 106 109 105  99  88  93  99 254 251
 255 248 241 236 229 225 242 239 234 230 237 246 239 230 254 246
 223 224 223 223 226 225 223 225 223 222 219 216 216 214 215 207
 230 231 229 230 230 231 228 229 227 225 223 220 220 217 217 209
 232 233 231 233 231 232 230 229 227 227 225 221 220 216 217 210
 231 233 233 233 231 230 231 230 227 226 224 223 221 216 216 211
 230 232 235 228 230 233 233 231 229 228 226 224 221 219 218 214
 230 182  71  73 215 233 233 231 229 229 227 224 220 218 216 212
 232 180  70  69 216 233 231 230 229 228 225 224 221 218 216 213
 231 179  70  72 214 233 231 230 230 226 224 223 221 219 217 212
 230 187  67  69 194 231 231 230 230 227 225 225 221 219 217 214
 231 189  66  71 195 230 229 229 228 229 224 224 221 220 217 215
 232 188  65  66 195 229 229 227 224 226 224 222 221 222 218 211
 233 187  65  66  97  88  86  89  92  92  89  76  82  92 218 211
 232 188  66  64  65  67  64  67  64  63  64  56  58  72 217 211
 229 191  67  65  64  65  63  66  66  65  63  56  57  66 214 212
 229 190  69  69  69  68  69  70  70  70  67  59  61  67 213 211
 226 218 209 203 197 194 209 203 198 195 201 210 202 190 215 207
 164 165 166 165 164 163 164 162 161 162 161 159 159 158 160 159
 159 160 162 160 160 159 160 158 157 157 157 157 157 157 156 156
 160 161 161 160 159 160 160 159 158 157 157 157 158 156 155 155
 159 161 161 161 159 159 159 159 158 157 159 159 158 156 156 156
 159 162 167 161 158 160 161 159 158 158 155 156 157 156 156 157
 161 120  27  29 147 161 159 160 160 158 157 156 157 155 155 155
 160 119  32  32 149 160 159 159 159 157 155 158 157 154 154 156
 160 118  33  30 149 160 160 159 159 158 158 159 157 157 155 157
 160 123  33  31 131 160 159 159 159 158 156 157 158 157 155 157
 160 124  32  34 131 159 158 158 158 158 158 155 157 157 155 157
 160 123  32  34 135 161 160 159 159 157 160 159 160 158 155 157
 160 123  30  30  52  42  43  49  52  53  47  36  42  49 157 156
 161 125  31  29  30  32  32  31  31  30  29  28  27  32 155 156
 159 128  32  28  30  28  29  29  31  28  29  29  28  32 153 156
 160 124  33  29  30  29  29  28  28  28  27  25  27  29 151 155
 162 151 148 140 132 129 146 140 136 134 140 148 144 133 153 154

