 213 226 229 235 238 240 240 244 244 250 249 251 251 253 253 252
 215 231 232 236 234 241 245 247 249 250 251 253 254 254 254 254
 219 230 233 234 239 240 238 242 247 251 252 253 255 254 254 254
 218 228 232 235 240 208 116  78 221 250 252 253 255 254 254 254
 222 231 230 233 195  77  67  69 223 249 252 253 254 254 254 254
 223 228 232 232  93  64  64  71 225 248 252 251 250 254 254 254
 222 225 227 196  73  66  69  69 227 248 251 249 252 254 254 253
 224 224 232 201 142 135 135 136 201 199 202 203 214 254 254 253
 224 228 232 234 235 243 241 241 111  72  74  75 118 254 254 252
 223 228 229 234 236 239 245 246 110  63  59  71 160 252 254 251
 223 226 231 236 235 241 242 240 109  67  68  88 231 253 254 252
 221 226 229 234 235 241 239 239 105  68  86 212 251 253 254 252
 216 224 226 228 233 237 236 239 177 186 234 247 250 254 253 253
 212 224 224 228 234 233 236 238 236 241 243 245 247 248 251 253
 213 222 224 226 230 230 233 235 238 239 242 243 248 249 248 250
 204 212 215 218 220 225 229 229 230 235 239 237 242 241 241 240
 185 195 195 198 201 202 201 201 201 205 206 206 205 208 208 208
 188 195 195 197 197 199 203 202 204 203 204 205 207 207 207 206
 190 195 196 198 197 199 199 201 205 204 206 207 208 206 207 205
 188 197 195 196 199 171  91  49 181 206 205 206 208 207 208 205
 192 195 194 196 164  54  47  47 183 205 207 207 207 207 209 205
 194 195 196 195  68  43  47  48 183 203 206 206 206 207 208 203
 193 196 194 162  48  43  47  48 184 204 206 205 207 207 206 205
 193 193 195 166 106 105 103 101 162 164 165 166 172 207 205 204
 193 194 195 197 197 199 198 198  86  48  51  49  84 205 206 203
 192 194 195 198 196 198 201 203  82  47  43  48 123 206 208 203
 191 195 195 199 197 199 200 201  82  46  47  57 187 207 206 204
 191 193 196 197 197 199 198 198  79  45  62 170 206 206 205 204
 189 194 194 196 198 199 197 200 141 150 196 205 207 206 206 203
 187 192 192 195 196 196 197 198 200 201 203 204 204 205 205 204
 187 191 190 193 193 196 195 197 201 201 203 202 204 204 201 201
 182 185 187 190 193 193 195 197 198 201 204 202 203 202 201 198
 151 153 150 153 151 155 151 152 150 152 151 151 149 147 148 148
 150 151 151 151 150 152 149 151 149 148 150 148 148 144 143 142
 152 153 152 151 150 151 151 157 151 149 150 150 150 145 143 141
 153 156 153 149 151 131  63  27 127 151 149 150 148 145 143 140
 154 154 150 150 124  32  25  22 131 152 151 150 148 145 144 140
 155 154 150 152  45  25  26  22 136 149 151 151 147 147 144 140
 155 154 151 123  25  26  24  22 137 154 151 150 150 148 141 139
 157 156 151 123  70  69  63  63 121 121 123 122 125 148 143 140
 157 157 153 152 152 151 151 148  57  24  26  25  51 148 145 139
 157 155 155 154 152 151 151 149  55  21  20  23  81 147 145 140
 158 155 153 154 153 153 151 150  51  25  26  29 138 149 143 141
 158 156 157 155 152 153 153 152  51  24  30 124 150 148 145 141
 154 157 157 157 154 152 151 152 102 106 149 154 151 150 144 141
 154 155 155 158 155 152 153 154 156 155 155 154 153 149 146 140
 154 157 157 156 156 153 155 154 156 157 156 156 152 148 144 142
 153 159 159 162 161 159 161 161 163 164 162 158 159 155 153 147

 252 254 254 254 254 254 253 253 252 251 252 252 253 253 250 240
 253 254 254 254 254 254 254 254 254 254 254 254 253 251 248 241
 253 254 254 254 254 254 254 254 254 252 253 253 254 248 249 241
 251 254 255 255 254 250 252 214 118 160 231 251 250 247 248 242
 251 253 253 253 253 251 249 203  75  71  88 212 247 245 243 237
 249 251 252 252 252 252 251 202  74  59  68  86 234 243 242 239
 250 250 251 250 249 248 248 199  72  63  67  68 186 241 239 235
 244 249 247 221 223 225 227 201 111 110 109 105 177 236 238 230
 244 247 242  78  69  71  69 136 241 246 240 239 239 238 235 229
 240 245 238 116  67  64  69 135 241 245 242 239 236 236 233 229
 240 241 240 208  77  64  66 135 243 239 241 241 237 233 230 225
 238 234 239 240 195  93  73 142 235 236 235 235 233 234 230 220
 235 236 234 235 233 232 196 201 234 234 236 234 228 228 226 218
 229 232 233 232 230 232 227 232 232 229 231 229 226 224 224 215
 226 231 230 228 231 228 225 224 228 228 226 226 224 224 222 212
 213 215 219 218 222 223 222 224 224 223 223 221 216 212 213 204
 208 206 205 205 205 203 205 204 203 203 204 204 203 204 201 198
 208 207 207 208 209 208 206 205 206 208 206 205 206 205 201 201
 208 207 206 207 207 207 207 207 205 206 207 206 206 205 204 202
 205 207 208 208 207 206 207 172  84 123 187 206 207 204 204 203
 206 205 207 206 207 206 205 166  49  48  57 170 205 204 202 202
 206 204 206 205 207 206 206 165  51  43  47  62 196 203 203 204
 205 203 204 206 205 203 204 164  48  47  46  45 150 201 201 201
 201 204 205 181 183 183 184 162  86  82  82  79 141 200 201 198
 201 202 201  49  47  48  48 101 198 203 201 198 200 198 197 197
 201 203 199  91  47  47  47 103 198 201 200 198 197 197 195 195
 202 199 199 171  54  43  43 105 199 198 199 199 199 196 196 193
 201 197 197 199 164  68  48 106 197 196 197 197 198 196 193 193
 198 197 198 196 196 195 162 166 197 198 199 197 196 195 193 190
 195 195 196 195 194 196 194 195 195 195 195 196 194 192 190 187
 195 195 195 197 195 195 196 193 194 194 195 193 194 192 191 185
 185 188 190 188 192 194 193 193 193 192 191 191 189 187 187 182
 148 142 141 140 140 140 139 140 139 140 141 141 141 140 142 147
 148 143 143 143 144 144 141 143 145 145 143 145 144 146 144 153
 147 144 145 145 145 147 148 148 148 147 149 148 150 149 148 155
 149 148 150 148 148 147 150 125  51  81 138 150 151 153 152 159
 151 148 150 150 150 151 150 122  25  23  29 124 154 154 156 158
 151 150 150 149 151 151 151 123  26  20  26  30 149 155 156 162
 152 148 149 151 152 149 154 121  24  21  25  24 106 155 157 164
 150 149 151 127 131 136 137 121  57  55  51  51 102 156 156 163
 152 151 157  27  22  22  22  63 148 149 150 152 152 154 154 161
 151 149 151  63  25  26  24  63 151 151 151 153 151 153 155 161
 155 152 151 131  32  25  26  69 151 151 153 153 152 152 153 159
 151 150 150 151 124  45  25  70 152 152 153 152 154 155 156 161
 153 151 151 149 150 152 123 123 152 154 154 155 157 158 156 162
 150 151 152 153 150 150 151 151 153 155 153 157 157 155 157 159
 153 151 153 156 154 154 154 156 157 155 155 156 157 155 157 159
 151 150 152 153 154 155 155 157 157 157 158 158 154 154 154 153

 240 241 241 242 237 239 235 230 229 229 225 220 218 215 212 204
 250 248 249 248 243 242 239 238 235 233 230 230 226 224 222 213
 253 251 248 247 245 243 241 236 238 236 233 234 228 224 224 212
 253 253 254 250 247 234 186 177 239 236 237 233 228 226 224 216
 252 254 253 251 212  86  68 105 239 239 241 235 234 229 226 221
 252 254 253 231  88  68  67 109 240 242 241 235 236 231 226 223
 251 254 252 160  71  59  63 110 246 245 239 236 234 229 228 223
 252 254 254 118  75  74  72 111 241 241 243 235 234 232 228 224
 253 254 254 214 203 202 199 201 136 135 135 142 201 232 224 224
 253 254 254 252 249 251 248 227  69  69  66  73 196 227 225 222
 254 254 254 250 251 252 248 225  71  64  64  93 232 232 228 223
 254 254 254 254 253 252 249 223  69  67  77 195 233 230 231 222
 254 254 254 255 253 252 250 221  78 116 208 240 235 232 228 218
 254 254 254 255 253 252 251 247 242 238 240 239 234 233 230 219
 254 254 254 254 253 251 250 249 247 245 241 234 236 232 231 215
 252 253 253 251 251 249 250 244 244 240 240 238 235 229 226 213
 198 201 202 203 202 204 201 198 197 195 193 193 190 187 185 182
 201 201 204 204 202 203 201 201 197 195 196 193 193 190 191 187
 204 205 205 204 204 203 201 200 198 197 196 196 195 192 192 187
 203 206 206 207 205 196 150 141 200 197 199 198 196 194 194 189
 204 205 206 206 170  62  45  79 198 198 199 197 197 196 193 191
 204 206 207 187  57  47  46  82 201 200 199 197 199 195 195 191
 203 208 206 123  48  43  47  82 203 201 198 196 198 195 194 192
 203 206 205  84  49  51  48  86 198 198 199 197 197 195 194 193
 204 205 207 172 166 165 164 162 101 103 105 106 166 195 193 193
 205 206 207 207 205 206 204 184  48  47  43  48 162 194 196 193
 203 208 207 206 206 206 203 183  48  47  43  68 195 196 195 194
 205 209 207 207 207 207 205 183  47  47  54 164 196 194 195 192
 205 208 207 208 206 205 206 181  49  91 171 199 196 195 197 188
 205 207 206 208 207 206 204 205 201 199 199 197 198 196 195 190
 206 207 207 207 205 204 203 204 202 203 199 197 197 195 195 188
 208 208 208 205 206 206 205 201 201 201 202 201 198 195 195 185
 147 153 155 159 158 162 164 163 161 161 159 161 162 159 159 153
 142 144 148 152 156 156 157 156 154 155 153 156 156 157 157 154
 140 146 149 153 154 155 155 156 154 153 152 155 158 155 155 154
 141 144 150 151 154 149 106 102 152 151 152 154 157 157 157 154
 141 145 148 150 124  30  24  51 152 153 153 152 155 157 156 158
 141 143 149 138  29  26  25  51 150 151 153 153 154 153 155 158
 140 145 147  81  23  20  21  55 149 151 151 152 154 155 155 157
 139 145 148  51  25  26  24  57 148 151 151 152 152 153 157 157
 140 143 148 125 122 123 121 121  63  63  69  70 123 151 156 157
 139 141 148 150 150 151 154 137  22  24  26  25 123 151 154 155
 140 144 147 147 151 151 149 136  22  26  25  45 152 150 154 155
 140 144 145 148 150 151 152 131  22  25  32 124 150 150 154 154
 140 143 145 148 150 149 151 127  27  63 131 151 149 153 156 153
 141 143 145 150 150 150 149 151 157 151 151 150 151 152 153 152
 142 143 144 148 148 150 148 149 151 149 152 150 151 151 151 150
 148 148 147 149 151 151 152 150 152 151 155 151 153 150 153 151

 204 213 212 216 221 223 223 224 224 222 223 222 218 219 215 213
 212 222 224 224 226 226 228 228 224 225 228 231 228 230 231 226
 215 224 224 226 229 231 229 232 232 227 232 230 232 233 232 229
 218 226 228 228 234 236 234 234 201 196 232 233 235 234 236 235
 220 230 234 233 235 235 236 235 142  73  93 195 240 239 234 238
 225 230 233 237 241 241 239 243 135  66  64  77 208 240 241 240
 229 233 236 236 239 242 245 241 135  69  64  67 116 238 245 240
 229 235 238 239 239 240 246 241 136  69  71  69  78 242 247 244
 230 238 236 177 105 109 110 111 201 227 225 223 221 247 249 244
 235 239 241 186  68  67  63  72 199 248 248 249 250 251 250 250
 239 242 243 234  86  68  59  74 202 251 252 252 252 252 251 249
 237 243 245 247 212  88  71  75 203 249 251 253 253 253 253 251
 242 248 247 250 251 231 160 118 214 252 250 254 255 255 254 251
 241 249 248 254 253 253 252 254 254 254 254 254 254 254 254 253
 241 248 251 253 254 254 254 254 254 254 254 254 254 254 254 253
 240 250 253 253 252 252 251 252 253 253 254 254 254 254 254 252
 182 187 187 189 191 191 192 193 193 193 194 192 188 190 188 185
 185 191 192 194 193 195 194 194 193 196 195 195 197 195 195 195
 187 190 192 194 196 195 195 195 195 194 196 194 195 196 195 195
 190 193 195 196 197 199 198 197 166 162 195 196 196 198 197 198
 193 193 196 198 197 197 196 197 106  48  68 164 199 197 197 201
 193 196 196 199 199 199 198 199 105  43  43  54 171 199 199 202
 195 195 197 197 198 200 201 198 103  47  47  47  91 199 203 201
 197 197 198 200 198 201 203 198 101  48  48  47  49 201 202 201
 198 201 200 141  79  82  82  86 162 184 183 183 181 205 204 201
 201 201 201 150  45  46  47  48 164 204 203 205 206 204 203 205
 204 203 203 196  62  47  43  51 165 206 206 207 205 206 204 206
 202 202 204 205 170  57  48  49 166 205 206 207 206 207 205 206
 203 204 204 207 206 187 123  84 172 207 206 207 208 208 207 205
 202 204 205 206 206 207 206 205 207 207 207 207 207 206 207 208
 201 201 205 206 205 206 208 206 205 206 208 209 208 207 207 208
 198 201 204 203 204 204 203 203 204 205 203 205 205 205 206 208
 153 154 154 154 158 158 157 157 157 155 155 154 153 152 150 151
 159 157 155 157 156 155 155 157 156 154 154 154 156 153 151 153
 159 157 155 157 157 153 155 153 151 151 150 150 153 152 151 150
 162 156 158 157 155 154 154 152 123 123 152 150 149 151 151 153
 161 156 155 154 152 153 152 152  70  25  45 124 151 150 150 151
 159 153 152 152 153 153 151 151  69  26  25  32 131 151 152 155
 161 155 153 151 153 151 151 151  63  24  26  25  63 151 149 151
 161 154 154 152 152 150 149 148  63  22  22  22  27 157 151 152
 163 156 156 102  51  51  55  57 121 137 136 131 127 151 149 150
 164 157 155 106  24  25  21  24 121 154 149 152 151 149 148 152
 162 156 155 149  30  26  20  26 123 151 151 151 149 150 150 151
 158 156 154 154 124  29  23  25 122 150 151 150 150 150 148 151
 159 152 153 151 150 138  81  51 125 150 147 148 148 150 148 149
 155 148 149 150 148 149 147 148 148 148 147 145 145 145 144 147
 153 144 146 144 145 143 145 145 143 141 144 144 143 143 143 148
 147 142 140 141 141 141 140 139 140 139 140 140 140 141 142 148

