 129 139 140 145 148 149 153 156 155 159 161 162 165 164 166 167
 137 141 143 147 149 152 153 157 160 160 162 163 166 166 169 169
 135 142 144 144 149 151 152 156 159 160 163 166 167 169 172 170
 135 144 146 145 150 122  74  58  64  97 154 163 167 170 172 171
 134 144 144 146  60  26  24  24  26  30  38  92 167 169 171 170
 132 144 145  96  25  24  24  27  28  30  31  44 166 170 171 171
 140 143 148  38  23  22  21  23  24  27  31  30 131 171 170 173
 136 144 136  24  20  21  25  24  28  28  32  30 111 169 173 173
 138 144 134  26  23  24  26  28  27  27  30  31 120 169 170 171
 140 144 146  51  25  22  25  27  26  28  33  37 159 166 169 172
 138 144 147 120  24  25  26  27  28  30  32  81 169 170 171 171
 140 145 145 147  80  45  27  28  30  38  92 132 168 170 171 173
 139 144 145 149 148 149 131 108 129 157 164 167 169 168 172 171
 137 142 143 146 148 150 157 159 160 163 163 166 168 172 171 169
 138 142 145 147 149 151 156 156 156 162 162 166 169 170 170 169
 135 137 143 142 145 145 146 153 151 154 155 152 163 160 158 153
 131 138 140 144 148 148 151 154 153 155 156 158 161 159 161 163
 137 140 142 147 148 150 152 154 156 156 157 159 162 162 164 165
 137 141 143 144 149 150 152 154 156 157 158 160 163 162 165 166
 136 143 143 145 151 120  72  57  64  95 149 159 162 164 166 166
 136 141 143 146  60  26  24  26  27  27  35  90 162 164 166 167
 134 143 143  95  27  26  26  27  28  27  29  43 161 164 166 166
 138 141 147  40  24  23  24  26  25  27  29  28 127 164 166 167
 138 143 133  28  23  25  28  26  26  27  30  29 106 163 166 166
 138 143 133  29  24  26  26  27  25  29  29  29 115 164 166 165
 141 144 146  51  25  25  27  26  25  27  31  34 155 163 167 166
 139 144 146 117  26  27  27  28  28  30  32  80 164 164 166 166
 139 143 145 146  79  43  28  30  29  37  88 128 165 165 167 167
 139 143 145 146 147 148 129 106 125 152 158 162 164 165 166 166
 138 141 142 145 147 150 151 155 155 158 160 162 163 166 166 167
 140 141 143 146 148 149 150 155 155 157 157 161 164 165 166 166
 138 138 142 142 144 145 146 152 151 152 152 151 159 156 156 152
 129 135 137 143 141 143 145 145 141 144 146 142 143 147 149 147
 135 137 136 138 140 146 145 142 142 146 146 147 145 147 145 147
 135 136 136 140 142 143 142 143 142 145 145 144 146 149 148 147
 135 137 135 140 142 114  71  57  58  89 137 143 146 151 147 150
 138 141 138 138  58  27  27  28  27  29  36  83 150 150 152 151
 135 139 141  91  26  28  28  27  26  30  31  40 145 149 151 151
 138 140 139  41  23  24  26  27  24  28  31  29 114 149 152 153
 138 139 131  29  23  23  30  26  28  29  30  28 100 151 150 152
 135 140 131  30  25  28  29  27  28  31  31  30 109 151 149 151
 137 140 142  49  27  27  28  27  26  28  32  35 143 151 154 155
 138 139 141 110  27  29  28  29  30  32  34  76 151 151 152 151
 141 143 141 142  76  40  30  32  29  37  81 120 149 152 151 148
 138 141 142 143 142 142 122  96 118 144 149 149 150 152 153 150
 138 139 138 142 143 145 144 143 145 147 150 150 149 154 153 153
 137 140 143 142 143 145 145 145 148 147 149 149 148 150 152 153
 138 139 144 140 142 143 141 148 144 146 145 142 149 144 144 141

 167 169 170 171 170 171 173 173 171 172 171 173 171 169 169 153
 166 169 172 172 171 171 170 173 170 169 171 171 172 171 170 158
 164 166 169 170 169 170 171 169 169 166 170 170 168 172 170 160
 165 166 167 167 167 166 131 111 120 159 169 168 169 168 169 163
 162 163 166 163  92  44  30  30  31  37  81 132 167 166 166 152
 161 162 163 154  38  31  31  32  30  33  32  92 164 163 162 155
 159 160 160  97  30  30  27  28  27  28  30  38 157 163 162 154
 155 160 159  64  26  28  24  28  27  26  28  30 129 160 156 151
 156 157 156  58  24  27  23  24  28  27  27  28 108 159 156 153
 153 153 152  74  24  24  21  25  26  25  26  27 131 157 156 146
 149 152 151 122  26  24  22  21  24  22  25  45 149 150 151 145
 148 149 149 150  60  25  23  20  23  25  24  80 148 148 149 145
 145 147 144 145 146  96  38  24  26  51 120 147 149 146 147 142
 140 143 144 146 144 145 148 136 134 146 147 145 145 143 145 143
 139 141 142 144 144 144 143 144 144 144 144 145 144 142 142 137
 129 137 135 135 134 132 140 136 138 140 138 140 139 137 138 135
 163 165 166 166 167 166 167 166 165 166 166 167 166 167 166 152
 161 164 165 166 166 166 166 166 166 167 166 167 166 166 166 156
 159 162 162 164 164 164 164 163 164 163 164 165 165 166 165 156
 161 162 163 162 162 161 127 106 115 155 164 165 164 163 164 159
 158 159 160 159  90  43  28  29  29  34  80 128 162 162 161 151
 156 157 158 149  35  29  29  30  29  31  32  88 158 160 157 152
 155 156 157  95  27  27  27  27  29  27  30  37 152 158 157 152
 153 156 156  64  27  28  25  26  25  25  28  29 125 155 155 151
 154 154 154  57  26  27  26  26  27  26  28  30 106 155 155 152
 151 152 152  72  24  26  24  28  26  27  27  28 129 151 150 146
 148 150 150 120  26  26  23  25  26  25  27  43 148 150 149 145
 148 148 149 151  60  27  24  23  24  25  26  79 147 147 148 144
 144 147 144 145 146  95  40  28  29  51 117 146 146 145 146 142
 140 142 143 143 143 143 147 133 133 146 146 145 145 142 143 142
 138 140 141 143 141 143 141 143 143 144 144 143 143 141 141 138
 131 137 137 136 136 134 138 138 138 141 139 139 139 138 140 138
 147 147 147 150 151 151 153 152 151 155 151 148 150 153 153 141
 149 145 148 147 152 151 152 150 149 154 152 151 153 153 152 144
 147 147 149 151 150 149 149 151 151 151 151 152 152 154 150 144
 143 145 146 146 150 145 114 100 109 143 151 149 150 149 148 149
 142 147 144 143  83  40  29  28  30  35  76 120 149 150 149 142
 146 146 145 137  36  31  31  30  31  32  34  81 149 150 149 145
 144 146 145  89  29  30  28  29  31  28  32  37 144 147 147 146
 141 142 142  58  27  26  24  28  28  26  30  29 118 145 148 144
 145 142 143  57  28  27  27  26  27  27  29  32  96 143 145 148
 145 145 142  71  27  28  26  30  29  28  28  30 122 144 145 141
 143 146 143 114  27  28  24  23  28  27  29  40 142 145 145 143
 141 140 142 142  58  26  23  23  25  27  27  76 142 143 143 142
 143 138 140 140 138  91  41  29  30  49 110 142 143 142 142 140
 137 136 136 135 138 141 139 131 131 142 141 141 142 138 143 144
 135 137 136 137 141 139 140 139 140 140 139 143 141 139 140 139
 129 135 135 135 138 135 138 138 135 137 138 141 138 138 137 138

 153 158 160 163 152 155 154 151 153 146 145 145 142 143 137 135
 169 170 170 169 166 162 162 156 156 156 151 149 147 145 142 138
 169 171 172 168 166 163 163 160 159 157 150 148 146 143 142 137
 171 172 168 169 167 164 157 129 108 131 149 148 149 145 144 139
 173 171 170 168 132  92  38  30  28  27  45  80 147 145 145 140
 171 171 170 169  81  32  30  28  27  26  25  24 120 147 144 138
 172 169 166 159  37  33  28  26  27  25  22  25  51 146 144 140
 171 170 169 120  31  30  27  27  28  26  24  23  26 134 144 138
 173 173 169 111  30  32  28  28  24  25  21  20  24 136 144 136
 173 170 171 131  30  31  27  24  23  21  22  23  38 148 143 140
 171 171 170 166  44  31  30  28  27  24  24  25  96 145 144 132
 170 171 169 167  92  38  30  26  24  24  26  60 146 144 144 134
 171 172 170 167 163 154  97  64  58  74 122 150 145 146 144 135
 170 172 169 167 166 163 160 159 156 152 151 149 144 144 142 135
 169 169 166 166 163 162 160 160 157 153 152 149 147 143 141 137
 167 166 164 165 162 161 159 155 156 153 149 148 145 140 139 129
 152 156 156 159 151 152 152 151 152 146 145 144 142 142 138 138
 166 166 165 164 161 157 157 155 155 150 149 148 146 143 141 140
 167 166 166 163 162 160 158 155 155 151 150 147 145 142 141 138
 166 166 165 164 162 158 152 125 106 129 148 147 146 145 143 139
 167 167 165 165 128  88  37  29  30  28  43  79 146 145 143 139
 166 166 164 164  80  32  30  28  28  27  27  26 117 146 144 139
 166 167 163 155  34  31  27  25  26  27  25  25  51 146 144 141
 165 166 164 115  29  29  29  25  27  26  26  24  29 133 143 138
 166 166 163 106  29  30  27  26  26  28  25  23  28 133 143 138
 167 166 164 127  28  29  27  25  26  24  23  24  40 147 141 138
 166 166 164 161  43  29  27  28  27  26  26  27  95 143 143 134
 167 166 164 162  90  35  27  27  26  24  26  60 146 143 141 136
 166 166 164 162 159 149  95  64  57  72 120 151 145 143 143 136
 166 165 162 163 160 158 157 156 154 152 150 149 144 143 141 137
 165 164 162 162 159 157 156 156 154 152 150 148 147 142 140 137
 163 161 159 161 158 156 155 153 154 151 148 148 144 140 138 131
 141 144 144 149 142 145 146 144 148 141 143 142 140 144 139 138
 153 152 150 148 149 149 147 148 145 145 145 143 142 143 140 137
 153 153 154 149 150 150 147 145 143 144 145 143 142 138 139 138
 150 153 152 150 149 149 144 118  96 122 142 142 143 142 141 138
 148 151 152 149 120  81  37  29  32  30  40  76 142 141 143 141
 151 152 151 151  76  34  32  30  29  28  29  27 110 141 139 138
 155 154 151 143  35  32  28  26  27  28  27  27  49 142 140 137
 151 149 151 109  30  31  31  28  27  29  28  25  30 131 140 135
 152 150 151 100  28  30  29  28  26  30  23  23  29 131 139 138
 153 152 149 114  29  31  28  24  27  26  24  23  41 139 140 138
 151 151 149 145  40  31  30  26  27  28  28  26  91 141 139 135
 151 152 150 150  83  36  29  27  28  27  27  58 138 138 141 138
 150 147 151 146 143 137  89  58  57  71 114 142 140 135 137 135
 147 148 149 146 144 145 145 142 143 142 143 142 140 136 136 135
 147 145 147 145 147 146 146 142 142 145 146 140 138 136 137 135
 147 149 147 143 142 146 144 141 145 145 143 141 143 137 135 129

 135 138 137 139 140 138 140 138 136 140 132 134 135 135 137 129
 137 142 142 144 145 144 144 144 144 143 144 144 144 142 141 139
 143 145 143 145 145 147 146 134 136 148 145 144 146 144 143 140
 142 147 146 149 147 120  51  26  24  38  96 146 145 144 147 145
 145 149 148 148  80  24  25  23  20  23  25  60 150 149 149 148
 145 151 150 149  45  25  22  24  21  22  24  26 122 151 152 149
 146 156 157 131  27  26  25  26  25  21  24  24  74 152 153 153
 153 156 159 108  28  27  27  28  24  23  27  24  58 156 157 156
 151 156 160 129  30  28  26  27  28  24  28  26  64 159 160 155
 154 162 163 157  38  30  28  27  28  27  30  30  97 160 160 159
 155 162 163 164  92  32  33  30  32  31  31  38 154 163 162 161
 152 166 166 167 132  81  37  31  30  30  44  92 163 166 163 162
 163 169 168 169 168 169 159 120 111 131 166 167 167 167 166 165
 160 170 172 168 170 170 166 169 169 171 170 169 170 169 166 164
 158 170 171 172 171 171 169 170 173 170 171 171 172 172 169 166
 153 169 169 171 173 171 172 171 173 173 171 170 171 170 169 167
 138 140 138 139 139 139 141 138 138 138 134 136 136 137 137 131
 138 141 141 143 143 144 144 143 143 141 143 141 143 141 140 138
 142 143 142 145 145 146 146 133 133 147 143 143 143 143 142 140
 142 146 145 146 146 117  51  29  28  40  95 146 145 144 147 144
 144 148 147 147  79  26  25  24  23  24  27  60 151 149 148 148
 145 149 150 148  43  27  25  26  25  23  26  26 120 150 150 148
 146 150 151 129  28  27  27  26  28  24  26  24  72 152 152 151
 152 155 155 106  30  28  26  27  26  26  27  26  57 154 154 154
 151 155 155 125  29  28  25  25  26  25  28  27  64 156 156 153
 152 157 158 152  37  30  27  29  27  27  27  27  95 157 156 155
 152 157 160 158  88  32  31  29  30  29  29  35 149 158 157 156
 151 161 162 162 128  80  34  29  29  28  43  90 159 160 159 158
 159 164 163 164 165 164 155 115 106 127 161 162 162 163 162 161
 156 165 166 165 165 164 163 164 163 164 164 164 164 162 162 159
 156 166 166 166 167 166 167 166 166 166 166 166 166 165 164 161
 152 166 167 166 167 166 166 165 166 167 166 167 166 166 165 163
 138 137 138 138 141 138 137 135 138 138 135 138 135 135 135 129
 139 140 139 141 143 139 140 140 139 140 139 141 137 136 137 135
 144 143 138 142 141 141 142 131 131 139 141 138 135 136 136 137
 140 142 142 143 142 110  49  30  29  41  91 138 140 140 138 143
 142 143 143 142  76  27  27  25  23  23  26  58 142 142 140 141
 143 145 145 142  40  29  27  28  23  24  28  27 114 143 146 143
 141 145 144 122  30  28  28  29  30  26  28  27  71 142 145 145
 148 145 143  96  32  29  27  27  26  27  27  28  57 143 142 145
 144 148 145 118  29  30  26  28  28  24  26  27  58 142 142 141
 146 147 147 144  37  32  28  31  29  28  30  29  89 145 146 144
 145 149 150 149  81  34  32  31  30  31  31  36 137 145 146 146
 142 149 150 149 120  76  35  30  28  29  40  83 143 144 147 142
 149 148 149 150 149 151 143 109 100 114 145 150 146 146 145 143
 144 150 154 152 152 151 151 151 151 149 149 150 151 149 147 147
 144 152 153 153 151 152 154 149 150 152 151 152 147 148 145 149
 141 153 153 150 148 151 155 151 152 153 151 151 150 147 147 147

