 122 119 124 125 127 125 127 127 128 127 127 129 126 127 126 114
 130 134 138 139 136 137 139 136 136 139 138 136 136 140 140 130
 132 139 139 140 140 137 141 140 140 140 141 142 140 142 140 119
 135 140 139 141 140 140 141 131 102 143 142 142 141 141 142 125
 136 140 140 143 142 143 143 106  88 137 142 142 141 143 142 134
 139 145 144 142 142 141 127  94  91  91 145 142 146 145 145 124
 140 143 142 142 144 142 102  94  97  86 129 143 145 144 145 126
 141 143 144 144 146 112 100  99 106 101  93 147 146 148 148 133
 142 145 146 147 142  98  98  90  98  96  83 113 148 149 148 135
 145 147 146 147 111 108 108  99 128 104 113  99 151 149 149 130
 145 149 147 137  98  92 107 107 115  90 121  99 118 151 151 134
 147 149 150 109 102 106 108 105 116 121 103 114  95 148 151 138
 148 148 105 105  92  91  97  98 108  98  96  92 108  97 154 125
 145 151 151 150 147 149 151 149 147 154 151 140 146 152 153 132
 148 149 151 153 153 152 151 153 151 152 155 155 153 153 153 142
 148 148 153 153 152 149 149 150 152 153 153 152 153 158 154 130
 129 129 132 130 131 130 130 131 134 134 134 133 131 132 130 117
 136 140 143 142 140 142 142 141 141 142 141 141 140 139 141 132
 138 142 143 143 142 143 144 144 143 144 143 144 140 141 142 120
 139 142 143 143 142 143 146 133 105 144 141 143 141 141 142 127
 140 143 143 144 144 145 144 106  90 136 143 144 143 143 142 132
 141 142 142 143 143 144 126  92  88  93 144 144 145 144 143 124
 143 145 145 145 146 144 100  93  96  83 128 145 144 144 144 124
 143 145 148 147 147 110 100 100 104  97  90 145 145 145 146 129
 144 146 147 148 141  97  94  88  93  90  83 112 148 146 144 131
 146 147 148 147 109 104 106  99 126 101 108  96 146 147 147 125
 145 149 147 135  95  89 103 106 113  86 114  92 114 148 148 129
 146 148 150 107 100 103 106 101 113 117 100 107  88 144 149 133
 148 149 105 103  89  91  94  92 105  93  93  91 102  92 149 122
 148 149 151 149 144 148 148 145 146 150 145 139 145 148 151 128
 148 149 151 152 150 149 149 151 150 149 149 152 149 150 150 135
 148 148 149 151 148 147 147 149 150 149 148 150 149 151 151 127
 138 136 137 133 138 140 141 140 143 141 140 141 139 138 139 124
 145 146 147 146 149 148 147 148 149 150 147 146 147 148 146 138
 144 146 146 149 151 150 150 149 147 149 149 148 148 151 149 129
 146 146 148 150 151 148 148 134 110 151 150 153 152 150 148 135
 145 146 146 147 149 149 150 111  98 140 148 150 151 151 146 137
 147 148 150 151 151 151 132 101 101 103 148 151 148 150 149 128
 148 149 148 149 149 153 113 104 108  91 134 151 150 150 152 129
 148 150 149 148 148 115 108 104 113 106  97 151 151 150 147 133
 144 147 148 149 142 103 104  94 101  99  91 116 149 151 150 136
 144 149 152 149 110 111 111 105 128 108 114 103 150 151 149 128
 149 148 149 135  99  91 107 110 115  92 120 100 118 150 152 132
 144 146 148 106 103 107 109 105 115 118 104 114  93 147 149 135
 143 146 103 107  93  93  93  91 104  96  95  92 108  98 151 122
 145 147 148 147 145 146 147 142 140 147 147 140 144 149 149 129
 144 145 146 145 147 147 145 146 145 150 151 149 149 151 151 134
 145 142 145 145 143 143 145 143 143 147 148 147 148 150 147 125

 114 130 119 125 134 124 126 133 135 130 134 138 125 132 142 130
 126 140 140 142 142 145 145 148 148 149 151 151 154 153 153 154
 127 140 142 141 143 145 144 148 149 149 151 148  97 152 153 158
 126 136 140 141 141 146 145 146 148 151 118  95 108 146 153 153
 129 136 142 142 142 142 143 147 113  99  99 114  92 140 155 152
 127 138 141 142 142 145 129  93  83 113 121 103  96 151 155 153
 127 139 140 143 137  91  86 101  96 104  90 121  98 154 152 153
 128 136 140 102  88  91  97 106  98 128 115 116 108 147 151 152
 127 136 140 131 106  94  94  99  90  99 107 105  98 149 153 150
 127 139 141 141 143 127 102 100  98 108 107 108  97 151 151 149
 125 137 137 140 143 141 142 112  98 108  92 106  91 149 152 149
 127 136 140 140 142 142 144 146 142 111  98 102  92 147 153 152
 125 139 140 141 143 142 142 144 147 147 137 109 105 150 153 153
 124 138 139 139 140 144 142 144 146 146 147 150 105 151 151 153
 119 134 139 140 140 145 143 143 145 147 149 149 148 151 149 148
 122 130 132 135 136 139 140 141 142 145 145 147 148 145 148 148
 117 132 120 127 132 124 124 129 131 125 129 133 122 128 135 127
 130 141 142 142 142 143 144 146 144 147 148 149 149 151 150 151
 132 139 141 141 143 144 144 145 146 147 148 144  92 148 150 151
 131 140 140 141 143 145 144 145 148 146 114  88 102 145 149 149
 133 141 144 143 144 144 145 145 112  96  92 107  91 139 152 150
 134 141 143 141 143 144 128  90  83 108 114 100  93 145 149 148
 134 142 144 144 136  93  83  97  90 101  86 117  93 150 149 149
 134 141 143 105  90  88  96 104  93 126 113 113 105 146 150 150
 131 141 144 133 106  92  93 100  88  99 106 101  92 145 151 149
 130 142 144 146 144 126 100 100  94 106 103 106  94 148 149 147
 130 142 143 143 145 144 144 110  97 104  89 103  91 148 149 147
 131 140 142 142 144 143 146 147 141 109  95 100  89 144 150 148
 130 142 143 143 144 143 145 147 148 147 135 107 103 149 152 151
 132 143 143 143 143 142 145 148 147 148 147 150 105 151 151 149
 129 140 142 142 143 142 145 145 146 147 149 148 149 149 149 148
 129 136 138 139 140 141 143 143 144 146 145 146 148 148 148 148
 124 138 129 135 137 128 129 133 136 128 132 135 122 129 134 125
 139 146 149 148 146 149 152 147 150 149 152 149 151 149 151 147
 138 148 151 150 151 150 150 150 151 151 150 147  98 149 151 150
 139 147 148 152 151 148 150 151 149 150 118  93 108 144 149 148
 141 146 148 153 150 151 151 151 116 103 100 114  92 140 149 147
 140 147 149 150 148 148 134  97  91 114 120 104  95 147 151 148
 141 150 149 151 140 103  91 106  99 108  92 118  96 147 150 147
 143 149 147 110  98 101 108 113 101 128 115 115 104 140 145 143
 140 148 149 134 111 101 104 104  94 105 110 105  91 142 146 143
 141 147 150 148 150 132 113 108 104 111 107 109  93 147 145 145
 140 148 150 148 149 151 153 115 103 111  91 107  93 146 147 143
 138 149 151 151 149 151 149 148 142 110  99 103  93 145 147 143
 133 146 149 150 147 151 149 148 149 149 135 106 107 147 145 145
 137 147 146 148 146 150 148 149 148 152 149 148 103 148 146 145
 136 146 146 146 146 148 149 150 147 149 148 146 146 147 145 142
 138 145 144 146 145 147 148 148 144 144 149 144 143 145 144 145

 130 154 158 153 152 153 153 152 150 149 149 152 153 153 148 148
 142 153 153 153 155 155 152 151 153 151 152 153 153 151 149 148
 132 153 152 146 140 151 154 147 149 151 149 147 150 151 151 145
 125 154  97 108  92  96  98 108  98  97  91  92 105 105 148 148
 138 151 148  95 114 103 121 116 105 108 106 102 109 150 149 147
 134 151 151 118  99 121  90 115 107 107  92  98 137 147 149 145
 130 149 149 151  99 113 104 128  99 108 108 111 147 146 147 145
 135 148 149 148 113  83  96  98  90  98  98 142 147 146 145 142
 133 148 148 146 147  93 101 106  99 100 112 146 144 144 143 141
 126 145 144 145 143 129  86  97  94 102 142 144 142 142 143 140
 124 145 145 146 142 145  91  91  94 127 141 142 142 144 145 139
 134 142 143 141 142 142 137  88 106 143 143 142 143 140 140 136
 125 142 141 141 142 142 143 102 131 141 140 140 141 139 140 135
 119 140 142 140 142 141 140 140 140 141 137 140 140 139 139 132
 130 140 140 136 136 138 139 136 136 139 137 136 139 138 134 130
 114 126 127 126 129 127 127 128 127 127 125 127 125 124 119 122
 127 151 151 149 150 148 149 150 149 147 147 148 151 149 148 148
 135 150 150 149 152 149 149 150 151 149 149 150 152 151 149 148
 128 151 148 145 139 145 150 146 145 148 148 144 149 151 149 148
 122 149  92 102  91  93  93 105  92  94  91  89 103 105 149 148
 133 149 144  88 107 100 117 113 101 106 103 100 107 150 148 146
 129 148 148 114  92 114  86 113 106 103  89  95 135 147 149 145
 125 147 147 146  96 108 101 126  99 106 104 109 147 148 147 146
 131 144 146 148 112  83  90  93  88  94  97 141 148 147 146 144
 129 146 145 145 145  90  97 104 100 100 110 147 147 148 145 143
 124 144 144 144 145 128  83  96  93 100 144 146 145 145 145 143
 124 143 144 145 144 144  93  88  92 126 144 143 143 142 142 141
 132 142 143 143 144 143 136  90 106 144 145 144 144 143 143 140
 127 142 141 141 143 141 144 105 133 146 143 142 143 143 142 139
 120 142 141 140 144 143 144 143 144 144 143 142 143 143 142 138
 132 141 139 140 141 141 142 141 141 142 142 140 142 143 140 136
 117 130 132 131 133 134 134 134 131 130 130 131 130 132 129 129
 125 147 150 148 147 148 147 143 143 145 143 143 145 145 142 145
 134 151 151 149 149 151 150 145 146 145 147 147 145 146 145 144
 129 149 149 144 140 147 147 140 142 147 146 145 147 148 147 145
 122 151  98 108  92  95  96 104  91  93  93  93 107 103 146 143
 135 149 147  93 114 104 118 115 105 109 107 103 106 148 146 144
 132 152 150 118 100 120  92 115 110 107  91  99 135 149 148 149
 128 149 151 150 103 114 108 128 105 111 111 110 149 152 149 144
 136 150 151 149 116  91  99 101  94 104 103 142 149 148 147 144
 133 147 150 151 151  97 106 113 104 108 115 148 148 149 150 148
 129 152 150 150 151 134  91 108 104 113 153 149 149 148 149 148
 128 149 150 148 151 148 103 101 101 132 151 151 151 150 148 147
 137 146 151 151 150 148 140  98 111 150 149 149 147 146 146 145
 135 148 150 152 153 150 151 110 134 148 148 151 150 148 146 146
 129 149 151 148 148 149 149 147 149 150 150 151 149 146 146 144
 138 146 148 147 146 147 150 149 148 147 148 149 146 147 146 145
 124 139 138 139 141 140 141 143 140 141 140 138 133 137 136 138

 148 148 145 148 147 145 145 142 141 140 139 136 135 132 130 122
 148 149 151 148 149 149 147 145 143 143 145 140 140 139 134 119
 153 151 151 105 150 147 146 146 144 142 144 140 139 139 138 124
 153 153 150 105 109 137 147 147 144 142 142 143 141 140 139 125
 152 153 147  92 102  98 111 142 146 144 142 142 140 140 136 127
 149 152 149  91 106  92 108  98 112 142 141 143 140 137 137 125
 149 151 151  97 108 107 108  98 100 102 127 143 141 141 139 127
 150 153 149  98 105 107  99  90  99  94  94 106 131 140 136 127
 152 151 147 108 116 115 128  98 106  97  91  88 102 140 136 128
 153 152 154  98 121  90 104  96 101  86  91 137 143 140 139 127
 153 155 151  96 103 121 113  83  93 129 145 142 142 141 138 127
 152 155 140  92 114  99  99 113 147 143 142 142 142 142 136 129
 153 153 146 108  95 118 151 148 146 145 146 141 141 140 136 126
 158 153 152  97 148 151 149 149 148 144 145 143 141 142 140 127
 154 153 153 154 151 151 149 148 148 145 145 142 142 140 140 126
 130 142 132 125 138 134 130 135 133 126 124 134 125 119 130 114
 148 148 148 148 146 145 146 144 143 143 141 140 139 138 136 129
 148 149 149 149 148 149 147 146 145 145 142 143 142 142 140 129
 149 151 151 105 150 147 148 147 148 145 142 143 143 143 143 132
 151 152 149 103 107 135 147 148 147 145 143 144 143 143 142 130
 148 150 144  89 100  95 109 141 147 146 143 144 142 142 140 131
 147 149 148  91 103  89 104  97 110 144 144 145 143 143 142 130
 147 149 148  94 106 103 106  94 100 100 126 144 146 144 142 130
 149 151 145  92 101 106  99  88 100  93  92 106 133 144 141 131
 150 150 146 105 113 113 126  93 104  96  88  90 105 143 141 134
 149 149 150  93 117  86 101  90  97  83  93 136 144 144 142 134
 148 149 145  93 100 114 108  83  90 128 144 143 141 143 141 134
 150 152 139  91 107  92  96 112 145 145 144 144 143 144 141 133
 149 149 145 102  88 114 146 148 145 144 145 143 141 140 140 131
 151 150 148  92 144 148 147 146 145 144 144 143 141 141 139 132
 151 150 151 149 149 148 147 144 146 144 143 142 142 142 141 130
 127 135 128 122 133 129 125 131 129 124 124 132 127 120 132 117
 145 144 145 143 144 149 144 144 148 148 147 145 146 144 145 138
 142 145 147 146 146 148 149 147 150 149 148 146 146 146 146 136
 145 146 148 103 148 149 152 148 149 148 150 146 148 146 147 137
 145 145 147 107 106 135 149 149 148 149 151 147 150 149 146 133
 143 147 145  93 103  99 110 142 148 149 151 149 151 151 149 138
 143 147 146  93 107  91 111 103 115 153 151 149 148 150 148 140
 145 145 147  93 109 107 111 104 108 113 132 150 148 150 147 141
 143 146 142  91 105 110 105  94 104 104 101 111 134 149 148 140
 143 145 140 104 115 115 128 101 113 108 101  98 110 147 149 143
 147 150 147  96 118  92 108  99 106  91 103 140 151 149 150 141
 148 151 147  95 104 120 114  91  97 134 148 148 150 149 147 140
 147 149 140  92 114 100 103 116 151 151 151 150 153 148 146 141
 148 149 144 108  93 118 150 149 151 150 148 151 152 148 147 139
 150 151 149  98 147 150 151 151 150 150 150 151 150 151 148 138
 147 151 149 151 149 152 149 150 147 152 149 146 148 149 146 139
 125 134 129 122 135 132 128 136 133 129 128 137 135 129 138 124

